-vn

110100 001010011οῑ »0000010115 X«. Κο11 15010 115111 00005101015051010101,
0010010 0110οο 11010150150011000010 0010111 15010 00001001115110010011
»0011000000 010 0101 001011110, 10 011011011 00 r. 1501 0 to pr0t0‚ 10 50
10001 0 501100 1011111 1000 0 0110110100 5000101015οέ 01000511 Rackovy‚ na
. 1100101000001 01111 Bohuslav 1110111 000100 »primitiae«, 001010 »praeludia«,
1010011 Bohuslav 10. prosince, 0011 1151 100 0501, 110000 501511 Rackova
neznal, 10 0010011000111 10110000 jeho Vlasty, 01011 11500, 100 0110 00110010,
5005100 0110 1000110ου 1501. Takto 0011111010 01000οο 0000 00501000
(10. prosince 1501), 10 01011 11001001 011000 001510101101100000 00101111
0001 0051010ιο 0 10 10110000 01010, 10 00001001 1151 Βο005101111, 100101
10111( 00001011 Rackovi se 0051111, 0000101 do 110101, 00001 01 011 Racek
1011510 000001000111, 00101 011 115100005101111 110000 1001 010011111100110 ’
51000 50150. 1110111011 Bohuslav 10. prosince 1501, 0011 Rackovi 0000101,
v rukou 111150 50150 001011, 0 0011 5015 50510100 051 11010 0 11010 00
11010 1. 1501.

5111010 01000101 00501110 51010111 50 10110000 1111510 011000, 100100 ι’·

10 11115101 0010 001100, 000 0000111010 001001 101000001. 00000110110010,
010100 50 00 00001 listy 001011 (00000, 10 1011101001οο 1101000 011000
51000 000001 51101) 01101 10010 011010οε Datum Bononiae nono Calendas
100105 0000 christianae 5010115 Mcccccl. Μο1100 110101 0 0111000111 511000 ,
0010100110 10010010 0111100011 10 010100, 10 01110 24. 010100 1000 1501,
010010 50110 111 1 11000011, Racek toto misto 011000 000501 50010000.

11101110 26 115111 001000100 101100000151010010000000 Rackova (25 115111
11010100 0 1 11510 1000100100) 001011 15011 1115111 100101 11511, 010100115οΙ
1011110 Μ1115 11011010 1. 1514 Rackovu Vlastu. 110101 11101 110101 10110 101;
Vlastae BohemIcae historia Roderici Dubravi j. 0. 0. 00110 510010 01 sum· .,
tibus Το010001111115. 10 1001110 Praga excudebat Georgius Nigrinus 1574.
Νο 1000 11510 111010100 0000111100 01501000 Κ1101010 Μο0110 1011000οο
01100101011, 00 0100010 11510 10001001 01500 1111115010 k 01010011011 F 0101-
nandovi. Na 1101110 0 01111001 11510 1500 010 000151 Rackovy‚ 0110100000-
slavovi, 01001 k 100011 zLobkovic (100010 1110101 015. XXVII a XXX),
alist 30101101 01100οο11 0001 v Bononii 18. 001100 1501 (015. XXIX).
Potom 0115100010 01510110 Vlasty aneb 01101 11101 10000100000101101010-
110100110111010 00 15 1151000, 00 00001 000 0000111100 010011151 11000111
0 1100051010νί(001000110101015. XXVIII). Z 01011000 0010 11510 Soleriova
001101100 50, 001 Vlasta 0110 5005100, 1 1010 1011111000 1501, 10001 1000,
0101000 11010 byI 501500 11000111 svrchu 0110 1105001. Β110-11 10001100
01111 Vladislavovi, jak Solorius 0100, 0010010100 001110111010110, 00001001
011 110101 Μ1115010 11001 1000 5011510 10001001 011015 50 000000111, 010 ,
11110100 5015 1000111 00011, 00000 0101 5000111 10010100, 0 Bohuslavovi
1 Lobkovic 005110 00 0050010000 1011510 01 0010010510οἰ 1501, 00001001
0 0010 1115101000, danem 10001000, 11000 10110010001. 1010011 010010
11011 10101111 Bohuslav 05101111 0151000000 01101 Rackovu 010010 00101010ῐο1
(Farr. 108 0 Αο0000. poem. 288), z 01001 0111 01015111 011115 00 titulo
51000 110101.

 

